1
2
3
4
5
6
7
8
9
10
11
13
14
15
16
17
19
21
22
23
25
26
27
28
29
31
32
33
34
35
37
38
39
41
43
44
45
46
47
49
50
51
52
53
55
57
58
59
61
62
63
64
65
67
68
69
71
73
74
75
76
77
79
81
82
83
85
86
87
89
91
92
93
94
95
97
98
99
101
103
105
106
107
109
110
111
113
115
116
117
118
119
121
122
123
124
125
127
128
129
130
131
133
134
135
136
137
139
141
142
143
145
146
147
148
149
151
152
153
154
155
157
158
159
161
163
164
165
166
167
169
170
171
172
173
175
177
178
179
181
182
183
184
185
187
188
189
190
191
193
194
195
197
199
201
202
203
205
206
207
209
211
212
213
214
215
217
218
219
221
223
225
226
227
229
230
231
232
233
235
236
237
238
239
241
242
243
244
245
247
248
249
250
251
253
254
255
256
257
259
261
262
263
265
266
267
268
269
271
273
274
275
277
278
279
281
283
284
285
286
287
289
290
291
292
293
295
296
297
298
299
301
302
303
305
307
309
310
311
313
314
315
316
317
319
321
322
323
325
326
327
328
329
331
332
333
334
335
337
338
339
341
343
344
345
346
347
349
351
353
355
356
357
358
359
361
362
363
365
367
369
370
371
373
374
375
376
377
379
381
382
383
385
386
387
388
389
391
393
394
395
397
398
399
401
403
404
405
406
407
409
410
411
412
413
415
417
418
419
421
422
423
424
425
427
428
429
430
431
433
434
435
436
437
439
441
442
443
445
446
447
449
451
452
453
454
455
457
458
459
461
463
465
466
467
469
470
471
472
473
475
477
478
479
481
482
483
484
485
487
488
489
491
493
494
495
496
497
499