1 1
2 0.5
3 0.3333333333333333333333333333
4 0.25
5 0.2
6 0.1666666666666666666666666667
7 0.1428571428571428571428571429
8 0.125
9 0.1111111111111111111111111111
10 0.1
11 0.09090909090909090909090909091
12 0.08333333333333333333333333333
13 0.07692307692307692307692307692
14 0.07142857142857142857142857143
15 0.06666666666666666666666666667
16 0.0625
17 0.05882352941176470588235294118
18 0.05555555555555555555555555556
19 0.05263157894736842105263157895
20 0.05
21 0.04761904761904761904761904762
22 0.04545454545454545454545454545
23 0.04347826086956521739130434783
24 0.04166666666666666666666666667
25 0.04
26 0.03846153846153846153846153846
27 0.03703703703703703703703703704
28 0.03571428571428571428571428571
29 0.03448275862068965517241379310
30 0.03333333333333333333333333333
31 0.03225806451612903225806451613
32 0.03125
33 0.03030303030303030303030303030
34 0.02941176470588235294117647059
35 0.02857142857142857142857142857
36 0.02777777777777777777777777778
37 0.02702702702702702702702702703
38 0.02631578947368421052631578947
39 0.02564102564102564102564102564
40 0.025
41 0.02439024390243902439024390244
42 0.02380952380952380952380952381
43 0.02325581395348837209302325581
44 0.02272727272727272727272727273
45 0.02222222222222222222222222222
46 0.02173913043478260869565217391
47 0.02127659574468085106382978723
48 0.02083333333333333333333333333
49 0.02040816326530612244897959184
50 0.02
51 0.01960784313725490196078431373
52 0.01923076923076923076923076923
53 0.01886792452830188679245283019
54 0.01851851851851851851851851852
55 0.01818181818181818181818181818
56 0.01785714285714285714285714286
57 0.01754385964912280701754385965
58 0.01724137931034482758620689655
59 0.01694915254237288135593220339
60 0.01666666666666666666666666667
61 0.01639344262295081967213114754
62 0.01612903225806451612903225806
63 0.01587301587301587301587301587
64 0.015625
65 0.01538461538461538461538461538
66 0.01515151515151515151515151515
67 0.01492537313432835820895522388
68 0.01470588235294117647058823529
69 0.01449275362318840579710144928
70 0.01428571428571428571428571429
71 0.01408450704225352112676056338
72 0.01388888888888888888888888889
73 0.01369863013698630136986301370
74 0.01351351351351351351351351351
75 0.01333333333333333333333333333
76 0.01315789473684210526315789474
77 0.01298701298701298701298701299
78 0.01282051282051282051282051282
79 0.01265822784810126582278481013
80 0.0125
81 0.01234567901234567901234567901
82 0.01219512195121951219512195122
83 0.01204819277108433734939759036
84 0.01190476190476190476190476190
85 0.01176470588235294117647058824
86 0.01162790697674418604651162791
87 0.01149425287356321839080459770
88 0.01136363636363636363636363636
89 0.01123595505617977528089887640
90 0.01111111111111111111111111111
91 0.01098901098901098901098901099
92 0.01086956521739130434782608696
93 0.01075268817204301075268817204
94 0.01063829787234042553191489362
95 0.01052631578947368421052631579
96 0.01041666666666666666666666667
97 0.01030927835051546391752577320
98 0.01020408163265306122448979592
99 0.01010101010101010101010101010
100 0.01
101 0.009900990099009900990099009901
102 0.009803921568627450980392156863
103 0.009708737864077669902912621359
104 0.009615384615384615384615384615
105 0.009523809523809523809523809524
106 0.009433962264150943396226415094
107 0.009345794392523364485981308411
108 0.009259259259259259259259259259
109 0.009174311926605504587155963303
110 0.009090909090909090909090909091
111 0.009009009009009009009009009009
